500 500 -0.03015418
501 501 -0.03143469
502 502 -0.03410258
503 503 -0.03449185
504 504 -0.03921864
505 505 -0.04047254
506 506 -0.0455829
507 507 -0.05315083
508 508 -0.06197683
509 509 -0.06226873
510 510 -0.06234062
511 511 -0.06657404
512 512 -0.06738379
513 513 -0.06755314
514 514 -0.06793524
515 515 -0.06840572
516 516 -0.07157765
517 517 -0.07190117
518 518 -0.07919928
519 519 -0.08656374
520 520 -0.08998248
521 521 -0.09923965
522 522 -0.1004855
523 523 -0.1018305
524 524 -0.1029749
525 525 -0.1039013
526 526 -0.1039663
527 527 -0.1060103
528 528 -0.1086711
529 529 -0.1104865
530 530 -0.1152523
531 531 -0.1160730
532 532 -0.1162366
533 533 -0.1170343
534 534 -0.1210671
535 535 -0.1210705
536 536 -0.1232217
537 537 -0.1242154
538 538 -0.1261858
539 539 -0.1332104
540 540 -0.1333601
541 541 -0.1334752
542 542 -0.1343128
543 543 -0.1381701
544 544 -0.1401520
545 545 -0.1444262
546 546 -0.1464347
547 547 -0.1510628
548 548 -0.1546712
549 549 -0.1604482
550 550 -0.1614983
551 551 -0.1665099
552 552 -0.1692087
553 553 -0.1776354
554 554 -0.1816492
555 555 -0.1820311
556 556 -0.1851961
557 557 -0.1853191
558 558 -0.1876113
559 559 -0.1915400
560 560 -0.1923097
561 561 -0.1937722
562 562 -0.1985604
563 563 -0.2009404
564 564 -0.2018397
565 565 -0.2020381
566 566 -0.2111180
567 567 -0.2118633
568 568 -0.2168459
569 569 -0.2192643
570 570 -0.2213351
571 571 -0.2234371
572 572 -0.2236174
573 573 -0.2275897
574 574 -0.228296
575 575 -0.2287599
576 576 -0.2297898
577 577 -0.2326381
578 578 -0.2344456
579 579 -0.2348627
580 580 -0.2405127
581 581 -0.2412373
582 582 -0.2413129
583 583 -0.2443052
584 584 -0.2447194
585 585 -0.2457597
586 586 -0.2543858
587 587 -0.2570561
588 588 -0.2579572
589 589 -0.2581683
590 590 -0.2587401
591 591 -0.2621513
592 592 -0.265224
593 593 -0.2653988
594 594 -0.2668707
595 595 -0.2669787
596 596 -0.2685571
597 597 -0.2704951
598 598 -0.2707609
599 599 -0.2713585
600 600 -0.2771413
601 601 -0.2847524
602 602 -0.2884652
603 603 -0.2907299
604 604 -0.2916129
605 605 -0.2951113
606 606 -0.2974569
607 607 -0.2986277
608 608 -0.3042879
609 609 -0.3053313
610 610 -0.3073303
611 611 -0.3077278
612 612 -0.3090669
613 613 -0.3124975
614 614 -0.3138913
615 615 -0.3154256
616 616 -0.3182875
617 617 -0.3191825
618 618 -0.3192796
619 619 -0.3194065
620 620 -0.3195657
621 621 -0.3244366
622 622 -0.3250779
623 623 -0.3276299
624 624 -0.3290784
625 625 -0.3296622
626 626 -0.3328534
627 627 -0.3370671
628 628 -0.3456431
629 629 -0.3468354
630 630 -0.350039
631 631 -0.3507180
632 632 -0.3549664
633 633 -0.3620277
634 634 -0.3633186
635 635 -0.3657313
636 636 -0.3693462
637 637 -0.3714608
638 638 -0.3783118
639 639 -0.379149
640 640 -0.3795619
641 641 -0.3801599
642 642 -0.38391
643 643 -0.3840607
644 644 -0.384859
645 645 -0.4010433
646 646 -0.4039627
647 647 -0.404806
648 648 -0.409822
649 649 -0.4220359
650 650 -0.4249295
651 651 -0.4261793
652 652 -0.4283349
653 653 -0.4286747
654 654 -0.4295164
655 655 -0.4344148
656 656 -0.4374728
657 657 -0.4394857
658 658 -0.44244
659 659 -0.4430308
660 660 -0.4447981
661 661 -0.4493952
662 662 -0.4519844
663 663 -0.4526551
664 664 -0.4543767
665 665 -0.468011
666 666 -0.4763274
667 667 -0.4806892
668 668 -0.4832476
669 669 -0.4836456
670 670 -0.4901521
671 671 -0.4915611
672 672 -0.4929388
673 673 -0.5013985
674 674 -0.5024367
675 675 -0.5037061
676 676 -0.5037227
677 677 -0.5041019
678 678 -0.5052556
679 679 -0.5067342
680 680 -0.5103307
681 681 -0.5125479
682 682 -0.5167515
683 683 -0.5178705
684 684 -0.5205776
685 685 -0.5229843
686 686 -0.5235349
687 687 -0.5354801
688 688 -0.5378559
689 689 -0.539233
690 690 -0.5420261
691 691 -0.5426207
692 692 -0.5485279
693 693 -0.5509478
694 694 -0.5520725
695 695 -0.5604488
696 696 -0.564207
697 697 -0.5809777
698 698 -0.584201
699 699 -0.5904837
700 700 -0.5936822
701 701 -0.5950505
702 702 -0.5988826
703 703 -0.5989466
704 704 -0.60128
705 705 -0.6023117
706 706 -0.6038523
707 707 -0.6082237
708 708 -0.6107645
709 709 -0.6163961
710 710 -0.6183616
711 711 -0.6198966
712 712 -0.6204105
713 713 -0.625018
714 714 -0.6302146
715 715 -0.6309964
716 716 -0.6337114
717 717 -0.6344302
718 718 -0.636729
719 719 -0.6372323
720 720 -0.6412658
721 721 -0.6436017
722 722 -0.6451382
723 723 -0.647777
724 724 -0.6543057
725 725 -0.65459
726 726 -0.6571693
727 727 -0.663727
728 728 -0.6677174
729 729 -0.6677711
730 730 -0.6700819
731 731 -0.6762549
732 732 -0.676542
733 733 -0.6819558
734 734 -0.6824796
735 735 -0.6829063
736 736 -0.685697
737 737 -0.6894665
738 738 -0.6900259
739 739 -0.6907204
740 740 -0.6910055
741 741 -0.6918152
742 742 -0.6938681
743 743 -0.6960009
744 744 -0.6967749
745 745 -0.7041975
746 746 -0.7055755
747 747 -0.7114402
748 748 -0.7124614
749 749 -0.7137168
750 750 -0.7152994
751 751 -0.7296772
752 752 -0.7315856
753 753 -0.7319536
754 754 -0.7340162
755 755 -0.7405027
756 756 -0.740774
757 757 -0.7443713
758 758 -0.7552387
759 759 -0.760069
760 760 -0.7622753
761 761 -0.7685722
762 762 -0.771899
763 763 -0.7789854
764 764 -0.7864556
765 765 -0.7970067
766 766 -0.7981573
767 767 -0.8059388
768 768 -0.8080513
769 769 -0.8105578
770 770 -0.8144323
771 771 -0.8173677
772 772 -0.817448
773 773 -0.8230163
774 774 -0.8233572
775 775 -0.8307284
776 776 -0.8319527
777 777 -0.8335032
778 778 -0.83478
779 779 -0.8355649
780 780 -0.8391549
781 781 -0.8414928
782 782 -0.8463721
783 783 -0.8483577
784 784 -0.8489759
785 785 -0.851298
786 786 -0.8517824
787 787 -0.8533875
788 788 -0.85621
789 789 -0.8588307
790 790 -0.862125
791 791 -0.86468
792 792 -0.8675355
793 793 -0.871901
794 794 -0.8744704
795 795 -0.878998
796 796 -0.8809849
797 797 -0.881729
798 798 -0.8824247
799 799 -0.887741
800 800 -0.8901564
801 801 -0.8903336
802 802 -0.8916974
803 803 -0.8958827
804 804 -0.9006088
805 805 -0.9007377
806 806 -0.9022932
807 807 -0.9036901
808 808 -0.9128392
809 809 -0.9136749
810 810 -0.9187749
811 811 -0.9225731
812 812 -0.927175
813 813 -0.9306131
814 814 -0.9306435
815 815 -0.944172
816 816 -0.9455465
817 817 -0.946737
818 818 -0.9468764
819 819 -0.9480675
820 820 -0.9666377
821 821 -0.9805225
822 822 -0.9827309
823 823 -0.9834966
824 824 -0.9894907
825 825 -1.002398
826 826 -1.003708
827 827 -1.005378
828 828 -1.008546
829 829 -1.010090
830 830 -1.010686
831 831 -1.014744
832 832 -1.037066
833 833 -1.037948
834 834 -1.039030
835 835 -1.039461
836 836 -1.039596
837 837 -1.040625
838 838 -1.044508
839 839 -1.044972
840 840 -1.046643
841 841 -1.053406
842 842 -1.055068
843 843 -1.055196
844 844 -1.058492
845 845 -1.067461
846 846 -1.069426
847 847 -1.085291
848 848 -1.092334
849 849 -1.119710
850 850 -1.125126
851 851 -1.128592
852 852 -1.135050
853 853 -1.136284
854 854 -1.140297
855 855 -1.14331
856 856 -1.153057
857 857 -1.157175
858 858 -1.160880
859 859 -1.163731
860 860 -1.169441
861 861 -1.171467
862 862 -1.184552
863 863 -1.186296
864 864 -1.187531
865 865 -1.190178
866 866 -1.190505
867 867 -1.191861
868 868 -1.192777
869 869 -1.198171
870 870 -1.208181
871 871 -1.208692
872 872 -1.212184
873 873 -1.220877
874 874 -1.225618
875 875 -1.228584
876 876 -1.229796
877 877 -1.231364
878 878 -1.241358
879 879 -1.244353
880 880 -1.246541
881 881 -1.246984
882 882 -1.253090
883 883 -1.259054
884 884 -1.263919
885 885 -1.264259
886 886 -1.286173
887 887 -1.286890
888 888 -1.287208
889 889 -1.293647
890 890 -1.295967
891 891 -1.305683
892 892 -1.309865
893 893 -1.314549
894 894 -1.323854
895 895 -1.341660
896 896 -1.344367
897 897 -1.345706
898 898 -1.355526
899 899 -1.355621
900 900 -1.357143
901 901 -1.374351
902 902 -1.378995
903 903 -1.382821
904 904 -1.383155
905 905 -1.394544
906 906 -1.394918
907 907 -1.398067
908 908 -1.400116
909 909 -1.403092
910 910 -1.403557
911 911 -1.403855
912 912 -1.407071
913 913 -1.416205
914 914 -1.421082
915 915 -1.421743
916 916 -1.421874
917 917 -1.429719
918 918 -1.444622
919 919 -1.462701
920 920 -1.467068
921 921 -1.481367
922 922 -1.483392
923 923 -1.48366
924 924 -1.492070
925 925 -1.497366
926 926 -1.502967
927 927 -1.505118
928 928 -1.5122
929 929 -1.522576
930 930 -1.538718
931 931 -1.544645
932 932 -1.552408
933 933 -1.558732
934 934 -1.558781
935 935 -1.561379
936 936 -1.56834
937 937 -1.583442
938 938 -1.588272
939 939 -1.589293
940 940 -1.590043
941 941 -1.614556
942 942 -1.629332
943 943 -1.632682
944 944 -1.634272
945 945 -1.634920
946 946 -1.636147
947 947 -1.691386
948 948 -1.691447
949 949 -1.698014
950 950 -1.703218
951 951 -1.708705
952 952 -1.709480
953 953 -1.710599
954 954 -1.726727
955 955 -1.730289
956 956 -1.737310
957 957 -1.738357
958 958 -1.747187
959 959 -1.757190
960 960 -1.763682
961 961 -1.768748
962 962 -1.778573
963 963 -1.779707
964 964 -1.819111
965 965 -1.826181
966 966 -1.832787
967 967 -1.838593
968 968 -1.844856
969 969 -1.845960
970 970 -1.871368
971 971 -1.943522
972 972 -1.945531
973 973 -1.977665
974 974 -2.002617
975 975 -2.007576
976 976 -2.030517
977 977 -2.077593
978 978 -2.083403
979 979 -2.088449
980 980 -2.141857
981 981 -2.163020
982 982 -2.166556
983 983 -2.171506
984 984 -2.195859
985 985 -2.236062
986 986 -2.272136
987 987 -2.301397
988 988 -2.312011
989 989 -2.395908
990 990 -2.405711
991 991 -2.453042
992 992 -2.481720
993 993 -2.570670
994 994 -2.628008
995 995 -2.639618
996 996 -2.7
997 997 -2.700001
998 998 -2.814111
999 999 -3.026666
