0 0 2.814173
1 1 2.702868
2 2 2.599089
3 3 2.59
4 4 2.567542
5 5 2.464503
6 6 2.297364
7 7 2.264315
8 8 2.22367
9 9 2.221555
10 10 2.205566
11 11 2.191478
12 12 2.176997
13 13 2.141411
14 14 2.114364
15 15 2.082245
16 16 2.038797
17 17 1.983336
18 18 1.981159
19 19 1.976753
20 20 1.960012
21 21 1.946408
22 22 1.899539
23 23 1.896394
24 24 1.885266
25 25 1.875151
26 26 1.874919
27 27 1.872411
28 28 1.809781
29 29 1.804991
30 30 1.800714
31 31 1.794576
32 32 1.782194
33 33 1.778441
34 34 1.761734
35 35 1.747152
36 36 1.729533
37 37 1.723122
38 38 1.710936
39 39 1.696464
40 40 1.695370
41 41 1.668615
42 42 1.648422
43 43 1.647910
44 44 1.637716
45 45 1.634493
46 46 1.631294
47 47 1.628794
48 48 1.627327
49 49 1.624685
50 50 1.615626
51 51 1.615538
52 52 1.609789
53 53 1.589168
54 54 1.587350
55 55 1.577748
56 56 1.549143
57 57 1.547098
58 58 1.534346
59 59 1.528290
60 60 1.52788
61 61 1.522717
62 62 1.521078
63 63 1.504005
64 64 1.503916
65 65 1.492502
66 66 1.491752
67 67 1.466744
68 68 1.454824
69 69 1.452543
70 70 1.446158
71 71 1.439592
72 72 1.434974
73 73 1.431883
74 74 1.417524
75 75 1.395687
76 76 1.393328
77 77 1.387768
78 78 1.386754
79 79 1.382282
80 80 1.381345
81 81 1.379392
82 82 1.376512
83 83 1.366889
84 84 1.365130
85 85 1.361865
86 86 1.354896
87 87 1.354264
88 88 1.349891
89 89 1.348012
90 90 1.345743
91 91 1.336713
92 92 1.334429
93 93 1.328349
94 94 1.323368
95 95 1.299462
96 96 1.298285
97 97 1.290379
98 98 1.273369
99 99 1.266384
100 100 1.265567
101 101 1.253507
102 102 1.23661
103 103 1.230991
104 104 1.220724
105 105 1.210256
106 106 1.205526
107 107 1.195706
108 108 1.187778
109 109 1.187339
110 110 1.182243
111 111 1.180546
112 112 1.176773
113 113 1.174598
114 114 1.166397
115 115 1.164217
116 116 1.160388
117 117 1.155532
118 118 1.152847
119 119 1.124338
120 120 1.120780
121 121 1.118325
122 122 1.107782
123 123 1.106052
124 124 1.105971
125 125 1.095428
126 126 1.088335
127 127 1.085428
128 128 1.079241
129 129 1.077964
130 130 1.063471
131 131 1.053155
132 132 1.044539
133 133 1.043000
134 134 1.011287
135 135 1.002861
136 136 1.000515
137 137 0.9998565
138 138 0.9994183
139 139 0.9971348
140 140 0.9872105
141 141 0.982333
142 142 0.9821913
143 143 0.9820728
144 144 0.9803909
145 145 0.97929
146 146 0.9777257
147 147 0.9769812
148 148 0.9727144
149 149 0.9726028
150 150 0.9698234
151 151 0.9666641
152 152 0.9548818
153 153 0.9545047
154 154 0.9527693
155 155 0.9502195
156 156 0.9489856
157 157 0.9458318
158 158 0.9384217
159 159 0.9306685
160 160 0.9251326
161 161 0.9238742
162 162 0.9209572
163 163 0.9198649
164 164 0.9095866
165 165 0.9077356
166 166 0.9076445
167 167 0.9057906
168 168 0.9044937
169 169 0.901841
170 170 0.896965
171 171 0.8964652
172 172 0.8917147
173 173 0.8901786
174 174 0.8773802
175 175 0.8742113
176 176 0.8725282
177 177 0.8627604
178 178 0.862336
179 179 0.8621817
180 180 0.8558648
181 181 0.8519577
182 182 0.8490644
183 183 0.8484054
184 184 0.842637
185 185 0.8310867
186 186 0.8280451
187 187 0.8278777
188 188 0.8196042
189 189 0.8127404
190 190 0.8117467
191 191 0.8114824
192 192 0.8049628
193 193 0.8041554
194 194 0.7992283
195 195 0.7983155
196 196 0.797981
197 197 0.7944415
198 198 0.7897981
199 199 0.7878085
200 200 0.7859205
201 201 0.7851824
202 202 0.784602
203 203 0.7827714
204 204 0.7759235
205 205 0.7692335
206 206 0.7679217
207 207 0.7668463
208 208 0.7629918
209 209 0.753605
210 210 0.7521793
211 211 0.7501647
212 212 0.7419372
213 213 0.7400157
214 214 0.7389878
215 215 0.7375565
216 216 0.7361823
217 217 0.7332456
218 218 0.7314783
219 219 0.7262979
220 220 0.722432
221 221 0.7207621
222 222 0.7168761
223 223 0.7122305
224 224 0.7095074
225 225 0.709154
226 226 0.7049816
227 227 0.7025831
228 228 0.7018505
229 229 0.6997865
230 230 0.6953895
231 231 0.689775
232 232 0.6864423
233 233 0.6821158
234 234 0.681449
235 235 0.6799907
236 236 0.6783774
237 237 0.6775394
238 238 0.6771252
239 239 0.6746419
240 240 0.6685442
241 241 0.6652104
242 242 0.6626521
243 243 0.6624423
244 244 0.6573153
245 245 0.6537348
246 246 0.6510847
247 247 0.6471515
248 248 0.6448177
249 249 0.6442427
250 250 0.6343558
251 251 0.6316713
252 252 0.6308728
253 253 0.6171613
254 254 0.6171465
255 255 0.6157745
256 256 0.614388
257 257 0.6131345
258 258 0.6076888
259 259 0.6070659
260 260 0.6016061
261 261 0.5981086
262 262 0.5970118
263 263 0.5916859
264 264 0.5888709
265 265 0.5873097
266 266 0.5825075
267 267 0.5746256
268 268 0.573138
269 269 0.5712471
270 270 0.569881
271 271 0.5618567
272 272 0.5599795
273 273 0.5524589
274 274 0.5517183
275 275 0.5504543
276 276 0.5495005
277 277 0.5476306
278 278 0.5460725
279 279 0.5448636
280 280 0.5425243
281 281 0.5410804
282 282 0.5383487
283 283 0.5374489
284 284 0.5330591
285 285 0.5253117
286 286 0.5246453
287 287 0.5230669
288 288 0.5208621
289 289 0.5195808
290 290 0.5172416
291 291 0.5135102
292 292 0.5109723
293 293 0.5104085
294 294 0.5079912
295 295 0.50566
296 296 0.5047498
297 297 0.5029856
298 298 0.5022764
299 299 0.5022448
300 300 0.500093
301 301 0.4966405
302 302 0.4893969
303 303 0.4866479
304 304 0.4839611
305 305 0.4814081
306 306 0.4765865
307 307 0.4761072
308 308 0.4729682
309 309 0.4697216
310 310 0.4687896
311 311 0.4670779
312 312 0.4669082
313 313 0.4663888
314 314 0.4609394
315 315 0.4554393
316 316 0.4531605
317 317 0.4510849
318 318 0.4503338
319 319 0.4499655
320 320 0.4437798
321 321 0.4422842
322 322 0.4421778
323 323 0.4386596
324 324 0.4366445
325 325 0.4306907
326 326 0.4290697
327 327 0.4267083
328 328 0.4242374
329 329 0.4202807
330 330 0.4113656
331 331 0.4113368
332 332 0.4098244
333 333 0.4083745
334 334 0.4027031
335 335 0.4009799
336 336 0.4002422
337 337 0.4001021
338 338 0.3973900
339 339 0.3909
340 340 0.3899447
341 341 0.3895255
342 342 0.3883387
343 343 0.373185
344 344 0.371817
345 345 0.3715697
346 346 0.3687935
347 347 0.3629448
348 348 0.362823
349 349 0.3618783
350 350 0.3577062
351 351 0.3575602
352 352 0.3546416
353 353 0.349791
354 354 0.3487545
355 355 0.3481407
356 356 0.3465359
357 357 0.3407560
358 358 0.337855
359 359 0.3354955
360 360 0.3340422
361 361 0.3334487
362 362 0.3263606
363 363 0.3261672
364 364 0.3205867
365 365 0.3189109
366 366 0.3147306
367 367 0.31008
368 368 0.3073434
369 369 0.3068729
370 370 0.3052468
371 371 0.3044413
372 372 0.3001408
373 373 0.2971594
374 374 0.2940321
375 375 0.2920444
376 376 0.2913027
377 377 0.2888136
378 378 0.2875675
379 379 0.2862357
380 380 0.2860021
381 381 0.2834214
382 382 0.2787157
383 383 0.278505
384 384 0.2759680
385 385 0.2758159
386 386 0.2681172
387 387 0.2663699
388 388 0.2575383
389 389 0.2561409
390 390 0.2553506
391 391 0.2493687
392 392 0.2490629
393 393 0.2489974
394 394 0.2489178
395 395 0.2486503
396 396 0.2485253
397 397 0.2466591
398 398 0.2450974
399 399 0.2420951
400 400 0.2386668
401 401 0.2386488
402 402 0.2371028
403 403 0.2226397
404 404 0.220279
405 405 0.2198712
406 406 0.2198225
407 407 0.2194232
408 408 0.2147333
409 409 0.2143371
410 410 0.2140362
411 411 0.2096476
412 412 0.2034097
413 413 0.1991429
414 414 0.1962111
415 415 0.1948431
416 416 0.1942125
417 417 0.1924232
418 418 0.1924139
419 419 0.1899150
420 420 0.1789276
421 421 0.1762203
422 422 0.1754765
423 423 0.1731561
424 424 0.1716803
425 425 0.1709069
426 426 0.1704811
427 427 0.1681343
428 428 0.1647968
429 429 0.1618921
430 430 0.1594530
431 431 0.1590057
432 432 0.1585552
433 433 0.1583442
434 434 0.1518716
435 435 0.1492012
436 436 0.1480057
437 437 0.1479191
438 438 0.1471945
439 439 0.1446633
440 440 0.1446219
441 441 0.1427816
442 442 0.1426534
443 443 0.1347048
444 444 0.1341161
445 445 0.1308930
446 446 0.1297038
447 447 0.1295180
448 448 0.1279023
449 449 0.1246929
450 450 0.1225912
451 451 0.1212631
452 452 0.1183516
453 453 0.1179456
454 454 0.1174896
455 455 0.1154544
456 456 0.1152385
457 457 0.1085751
458 458 0.1081135
459 459 0.1035242
460 460 0.1034327
461 461 0.1024274
462 462 0.09212894
463 463 0.0899399
464 464 0.08492347
465 465 0.08239203
466 466 0.08171924
467 467 0.07261301
468 468 0.06401882
469 469 0.06325906
470 470 0.05735792
471 471 0.0572401
472 472 0.05216656
473 473 0.05167411
474 474 0.04818021
475 475 0.04634501
476 476 0.03942731
477 477 0.0367588
478 478 0.03306995
479 479 0.02704146
480 480 0.02167856
481 481 0.02046941
482 482 0.01688755
483 483 0.01688233
484 484 0.01567617
485 485 0.01537349
486 486 0.006946221
487 487 0.002816510
488 488 0
489 489 -0.0005228
490 490 -0.004625467
491 491 -0.005437088
492 492 -0.005964947
493 493 -0.006846901
494 494 -0.01147368
495 495 -0.01464627
496 496 -0.01723153
497 497 -0.01737907
498 498 -0.01909851
499 499 -0.02195867
